184
2 197
3 410
6 839
7 417
8 840
12 842
25 835
30 861
30 870
30 872
32 817
35 896
41 803
44 901
44 1021
47 794
50 912
56 924
57 936
58 940
58 947
60 949
61 232
62 950
63 954
66 857
66 991
69 428
69 965
71 976
74 1016
77 241
80 425
86 1003
89 1008
93 738
93 957
93 1012
95 422
109 1018
112 717
114 250
115 715
118 712
120 243
123 708
127 1013
129 952
136 422
140 950
142 949
151 689
162 949
169 949
173 946
195 924
203 347
216 914
221 901
232 887
302 530
305 534
379 158
402 3
421 493
431 490
463 249
468 311
508 277
515 274
516 942
517 273
519 691
521 680
524 508
527 507
529 671
530 669
537 228
539 260
548 645
569 625
587 613
595 541
597 540
599 538
605 533
610 613
614 613
618 267
627 510
631 608
643 271
643 607
645 678
646 606
652 604
655 509
658 600
659 507
661 596
668 502
673 580
674 268
675 571
680 267
685 268
688 511
689 270
691 271
693 271
695 530
709 280
713 284
716 284
721 293
722 295
724 957
727 511
731 510
736 513
744 310
759 319
760 502
765 497
768 135
773 338
789 351
789 487
794 355
797 478
812 475
817 1019
817 1022
820 374
833 391
855 469
869 459
882 462
905 420
909 427
911 463
915 458
918 432
918 441
921 450
925 57
937 432
945 245
945 432
948 431
950 58
956 1016
957 430
961 431
963 432
963 723
968 274
970 273
974 59
979 270
979 939
982 59
984 270
988 435
990 271
994 436
997 272
1002 433
1007 140
1010 271
1012 84
1013 270
1016 65
1016 154
1017 63
1018 749
1019 32
1020 43
1020 156
1020 172
1021 162
1021 756
1022 134
